WALK(32273,32151,07)
WALK(32274,32153,07)
WALK(32270,32153,08)
WALK(32269,32157,08)
WALK(32269,32160,08)
WALK(32269,32164,08)
WALK(32268,32167,08)
WALK(32263,32170,08)
WALK(32263,32174,08)
WALK(32267,32175,08)
WALK(32270,32179,08)
WALK(32270,32184,08)
WALK(32271,32187,08)
WALK(32266,32190,08)
WALK(32262,32190,08)
WALK(32257,32191,08)
WALK(32253,32191,08)
WALK(32248,32190,08)
WALK(32247,32186,08)
WALK(32247,32182,08)
WALK(32247,32178,08)
WALK(32251,32176,08)
WALK(32256,32176,08)
WALK(32261,32175,08)
WALK(32264,32170,08)
WALK(32269,32165,08)
WALK(32269,32160,08)
WALK(32269,32155,08)
WALK(32274,32154,08)
WALK(32274,32153,08)
